31317117 R: 00 a4 04 00 0e 32 50 41 59 2e 53 59 53 2e 44 44 46 30 31 00
31317151 T: 6f 5b 84 0e 32 50 41 59 2e 53 59 53 2e 44 44 46 30 31 a5 49 bf 0c 46 61 22 4f 07 a0 00 00 00 03 10 10 50 0a 56 49 53 41 20 44 45 42 49 54 87 01 01 42 03 40 23 47 5f 55 02 55 53 61 20 4f 07 a0 00 00 00 98 08 40 50 08 55 53 20 44 45 42 49 54 87 01 02 42 03 40 23 47 5f 55 02 55 53 90 00
31317374 R: 00 a4 04 00 07 a0 00 00 00 98 08 40 00
31317374 T: 6f 4d 84 07 a0 00 00 00 98 08 40 a5 42 50 08 55 53 20 44 45 42 49 54 87 01 02 9f 38 18 9f 66 04 9f 02 06 9f 03 06 9f 1a 02 95 05 5f 2a 02 9a 03 9c 01 9f 37 04 5f 2d 02 65 6e bf 0c 12 9f 5a 05 11 08 40 08 40 5f 55 02 55 53 42 03 40 23 47 90 00
31317375 R: 80 a8 00 00 23 83 21 79 00 40 80 00 00 00 10 00 00 00 00 00 00 00 00 01 24 00 00 00 00 00 01 24 19 01 01 00 82 3d de 7a 00
31317376 T: 77 5e 82 02 00 00 94 04 08 08 08 00 57 12 40 23 47 06 05 13 59 12 d2 40 12 01 00 44 40 00 00 01 5f 20 0f 43 41 52 44 48 4f 4c 44 45 52 2f 56 49 53 41 5f 34 01 00 9f 10 07 06 01 12 03 a0 00 00 9f 26 08 64 90 f2 04 21 b7 1e 9b 9f 27 01 80 9f 36 02 00 9b 9f 6c 02 00 00 9f 6e 04 20 70 00 00 90 00
54839889 R: 60
54839898 T: 00 04 04 02 01 00 11 03
54839898 R: 3c 00
54839905 T: 04 7b cc 3b 6f 70 00 00 04 7b cc 3b 6f 70 00 00 04 7b cc 3b 6f 70 00 00 04 7b cc 3b 6f 70 00 00
54840039 R: 30 00
54840039 T: 04 7b cc 3b 6f 70 00 00 1f a3 00 00 e1 10 3e 00
54840039 R: 30 04
54840039 T: 03 12 d1 01 0e 55 05 28 38 30 31 29 36 36 36 2d
54840039 R: 30 08
54840089 T: 31 39 37 38 fe 00 00 38 00 00 00 00 00 00 00 00
54840089 R: 30 0c
54840089 T: 00 00 00 00 00 00 00 00 00 00 00 00 00 00 00 00
54840089 R: 30 10
54840089 T: 00 00 00 00 00 00 00 00 00 00 00 00 00 00 00 00
54840089 R: 30 14
54840097 T: 00 00 00 00 00 00 00 00 00 00 00 00 00 00 00 00
54840097 R: 30 18
54840097 T: 00 00 00 00 00 00 00 00 00 00 00 00 00 00 00 00
54840097 R: 30 1c
54840097 T: 00 00 00 00 00 00 00 00 00 00 00 00 00 00 00 00
54840097 R: 30 20
54840105 T: 00 00 00 00 00 00 00 00 00 00 00 00 00 00 00 00
54840105 R: 30 24
54840105 T: 00 00 00 00 00 00 00 00 00 00 00 00 00 00 00 00
54840105 R: 30 28
54840105 T: 00 00 00 00 00 00 00 00 00 00 00 00 00 00 00 00
54840115 R: 30 2c
54840115 T: 00 00 00 00 00 00 00 00 00 00 00 00 00 00 00 00
54840123 R: 30 30
54840123 T: 00 00 00 00 00 00 00 00 00 00 00 00 00 00 00 00
54840123 R: 30 34
54840123 T: 00 00 00 00 00 00 00 00 00 00 00 00 00 00 00 00
54840123 R: 30 38
54840123 T: 00 00 00 00 00 00 00 00 00 00 00 00 00 00 00 00
54840131 R: 30 3c
54840131 T: 00 00 00 00 00 00 00 00 00 00 00 00 00 00 00 00
54840131 R: 30 40
54840131 T: 00 00 00 00 00 00 00 00 00 00 00 00 00 00 00 00
54840131 R: 30 44
54840131 T: 00 00 00 00 00 00 00 00 00 00 00 00 00 00 00 00
54840139 R: 30 48
54840139 T: 00 00 00 00 00 00 00 00 00 00 00 00 00 00 00 00
54840139 R: 30 4c
54840139 T: 00 00 00 00 00 00 00 00 00 00 00 00 00 00 00 00
54840139 R: 30 50
54840139 T: 00 00 00 00 00 00 00 00 00 00 00 00 00 00 00 00
54840147 R: 30 54
54840147 T: 00 00 00 00 00 00 00 00 00 00 00 00 00 00 00 00
54840147 R: 30 58
54840147 T: 00 00 00 00 00 00 00 00 00 00 00 00 00 00 00 00
54840147 R: 30 5c
54840147 T: 00 00 00 00 00 00 00 00 00 00 00 00 00 00 00 00
54840160 R: 30 60
54840161 T: 00 00 00 00 00 00 00 00 00 00 00 00 00 00 00 00
54840161 R: 30 64
54840161 T: 00 00 00 00 00 00 00 00 00 00 00 00 00 00 00 00
54840161 R: 30 68
54840161 T: 00 00 00 00 00 00 00 00 00 00 00 00 00 00 00 00
54840161 R: 30 6c
54840161 T: 00 00 00 00 00 00 00 00 00 00 00 00 00 00 00 00
54840162 R: 30 70
54840162 T: 00 00 00 00 00 00 00 00 00 00 00 00 00 00 00 00
54840162 R: 30 74
54840162 T: 00 00 00 00 00 00 00 00 00 00 00 00 00 00 00 00
54840162 R: 30 78
54840162 T: 00 00 00 00 00 00 00 00 00 00 00 00 00 00 00 00
54840163 R: 30 7c
54840163 T: 00 00 00 00 00 00 00 00 00 00 00 00 00 00 00 00
54840163 R: 30 80
54840163 T: 00 00 00 00 00 00 00 00 00 00 00 bd 02 00 00 ff
54840163 R: 30 84
54840163 T: 00 00 00 00 00 00 00 00 00 00 00 00 04 7b cc 3b
55528440 R: 60
55528449 T: 00 04 04 02 01 00 11 03
55528449 R: 3c 00
55528456 T: 04 7b cc 3b 6f 70 00 00 04 7b cc 3b 6f 70 00 00 04 7b cc 3b 6f 70 00 00 04 7b cc 3b 6f 70 00 00
55528548 R: 30 00
55528548 T: 04 7b cc 3b 6f 70 00 00 1f a3 00 00 e1 10 3e 00
55528548 R: 30 04
55528548 T: 03 4f d2 17 35 61 70 70 6c 69 63 61 74 69 6f 6e
55528618 R: 30 08
55528633 T: 2f 76 6e 64 2e 77 66 61 2e 77 73 63 10 0e 00 31
55528633 R: 30 0c
55528633 T: 10 26 00 01 01 10 45 00 04 4c 75 73 6f 10 03 00
55528633 R: 30 10
55528633 T: 02 00 02 10 0f 00 02 00 02 10 27 00 0a 4d 61 72
55528633 R: 30 14
55528641 T: 69 61 37 31 33 31 33 10 20 00 06 ff ff ff ff ff
55528641 R: 30 18
55528641 T: ff fe 00 00 00 00 00 00 00 00 00 00 00 00 00 00
55528641 R: 30 1c
55528641 T: 00 00 00 00 00 00 00 00 00 00 00 00 00 00 00 00
55528641 R: 30 20
55528649 T: 00 00 00 00 00 00 00 00 00 00 00 00 00 00 00 00
55528649 R: 30 24
55528649 T: 00 00 00 00 00 00 00 00 00 00 00 00 00 00 00 00
55528649 R: 30 28
55528649 T: 00 00 00 00 00 00 00 00 00 00 00 00 00 00 00 00
55528666 R: 30 2c
55528666 T: 00 00 00 00 00 00 00 00 00 00 00 00 00 00 00 00
55528666 R: 30 30
55528666 T: 00 00 00 00 00 00 00 00 00 00 00 00 00 00 00 00
55528674 R: 30 34
55528674 T: 00 00 00 00 00 00 00 00 00 00 00 00 00 00 00 00
55528674 R: 30 38
55528674 T: 00 00 00 00 00 00 00 00 00 00 00 00 00 00 00 00
55528674 R: 30 3c
55528674 T: 00 00 00 00 00 00 00 00 00 00 00 00 00 00 00 00
55528682 R: 30 40
55528682 T: 00 00 00 00 00 00 00 00 00 00 00 00 00 00 00 00
55528682 R: 30 44
55528682 T: 00 00 00 00 00 00 00 00 00 00 00 00 00 00 00 00
55528682 R: 30 48
55528682 T: 00 00 00 00 00 00 00 00 00 00 00 00 00 00 00 00
55528690 R: 30 4c
55528690 T: 00 00 00 00 00 00 00 00 00 00 00 00 00 00 00 00
55528690 R: 30 50
55528690 T: 00 00 00 00 00 00 00 00 00 00 00 00 00 00 00 00
55528690 R: 30 54
55528690 T: 00 00 00 00 00 00 00 00 00 00 00 00 00 00 00 00
55528698 R: 30 58
55528698 T: 00 00 00 00 00 00 00 00 00 00 00 00 00 00 00 00
55528698 R: 30 5c
55528698 T: 00 00 00 00 00 00 00 00 00 00 00 00 00 00 00 00
55528704 R: 30 60
55528704 T: 00 00 00 00 00 00 00 00 00 00 00 00 00 00 00 00
55528705 R: 30 64
55528705 T: 00 00 00 00 00 00 00 00 00 00 00 00 00 00 00 00
55528705 R: 30 68
55528705 T: 00 00 00 00 00 00 00 00 00 00 00 00 00 00 00 00
55528705 R: 30 6c
55528705 T: 00 00 00 00 00 00 00 00 00 00 00 00 00 00 00 00
55528706 R: 30 70
55528706 T: 00 00 00 00 00 00 00 00 00 00 00 00 00 00 00 00
55528706 R: 30 74
55528706 T: 00 00 00 00 00 00 00 00 00 00 00 00 00 00 00 00
55528706 R: 30 78
55528706 T: 00 00 00 00 00 00 00 00 00 00 00 00 00 00 00 00
55528707 R: 30 7c
55528707 T: 00 00 00 00 00 00 00 00 00 00 00 00 00 00 00 00
55528707 R: 30 80
55528707 T: 00 00 00 00 00 00 00 00 00 00 00 bd 02 00 00 ff
55528707 R: 30 84
55528707 T: 00 00 00 00 00 00 00 00 00 00 00 00 04 7b cc 3b
